local player = game.Players.LocalPlayer
local character = player.Character or player.CharacterAdded:Wait()
local rootPart = character:WaitForChild("HumanoidRootPart")
local camera = workspace.CurrentCamera

-- 1. Tạo Part tên "Cam"
local camPart = Instance.new("Part")
camPart.Name = "Cam"
camPart.Transparency = 1 -- Tàng hình
camPart.CanCollide = false
camPart.CanQuery = false
camPart.Massless = true
camPart.Parent = character

-- 2. Tạo Motor6D để kết nối với RootPart
local motor = Instance.new("Motor6D")
motor.Name = "CamMotor"
motor.Part0 = rootPart
motor.Part1 = camPart
motor.Parent = character

-- 3. Cập nhật Camera theo CamPart
local cameraConnection
cameraConnection = game:GetService("RunService").RenderStepped:Connect(function()
    if camPart and camPart.Parent then
        camera.CameraType = Enum.CameraType.Scriptable
        camera.CFrame = camPart.CFrame
		camera.FieldOfView = 30
    else
        -- Trả lại Camera bình thường khi Part bị Destroy
        camera.CameraType = Enum.CameraType.Custom
        cameraConnection:Disconnect()
		camera.FieldOfView = 70
    end
end)

-- 4. Hủy Part sau đúng 10.55 giây
task.delay(10.55, function()
    if camPart then
        camPart:Destroy()
        print("Cam Part đã bị hủy sau 10.55 giây")
    end
end)

-- SCRIPT CHỐNG SPAM & KHÔNG ẢNH HƯỞNG SPEED --
local loop = false
local anim_id = '1766889789.0453115'
_G.LastAnimID = anim_id

local RS = game:GetService('RunService')
local TS = game:GetService('TweenService')
local p = game.Players.LocalPlayer
local c = p.Character or p.CharacterAdded:Wait()
local h = c:WaitForChild('Humanoid')
local hrp = c:WaitForChild('HumanoidRootPart')
local d = {
{0,{['HumanoidRootPart']={0,0,0,1,0,0,0,1,0,0,0,1,4,0},['Torso']={-0.162,-0.242,-0.026,0.912,-0.379,0.159,0.411,0.849,-0.332,-0.009,0.368,0.93,4,0},['Head']={-0.001,-0.002,0,0.861,0.317,-0.396,-0.335,0.942,0.027,0.382,0.11,0.918,4,0},['Left Leg']={0,0,0,1,0,0,0,1,0,0,0,1,4,0},['Left Arm']={0,0,0,1,0,0,0,1,0,0,0,1,4,0},['Right Leg']={0,0,0,1,0,0,0,1,0,0,0,1,4,0},['Right Arm']={0,0,0,1,0,0,0,1,0,0,0,1,4,0},['Cam']={-1.866,1.564,-1.504,-0.546,0.167,-0.821,0.134,0.985,0.111,0.827,-0.049,-0.56,4,0},}},{0.033,{['HumanoidRootPart']={0,0,0,1,0,0,0,1,0,0,0,1,4,0},['Cam']={-1.849,1.56,-1.529,-0.546,0.167,-0.821,0.134,0.985,0.111,0.827,-0.049,-0.56,4,0},}},{0.05,{['HumanoidRootPart']={0,0,0,1,0,0,0,1,0,0,0,1,4,0},['Torso']={-0.117,-0.176,-0.019,0.91,-0.385,0.151,0.414,0.848,-0.331,-0.001,0.364,0.932,4,0},['Head']={-0.001,-0.002,0,0.935,0.16,-0.316,-0.161,0.987,0.022,0.315,0.03,0.948,4,0},['Left Leg']={0,0,0,1,0,0,0,1,0,0,0,1,4,0},['Left Arm']={0,0,0,1,0,0,0,1,0,0,0,1,4,0},['Right Leg']={0,0,0,1,0,0,0,1,0,0,0,1,4,0},['Right Arm']={0,0,0,1,0,0,0,1,0,0,0,1,4,0},}},{0.083,{['HumanoidRootPart']={0,0,0,1,0,0,0,1,0,0,0,1,4,0},['Torso']={-0.088,-0.132,-0.014,0.91,-0.389,0.146,0.415,0.848,-0.33,0.005,0.36,0.933,4,0},['Head']={-0.002,-0.002,0,0.964,0.048,-0.261,-0.042,0.999,0.028,0.262,-0.016,0.965,4,0},['Left Leg']={0,0,0,1,0,0,0,1,0,0,0,1,4,0},['Left Arm']={0,0,0,1,0,0,0,1,0,0,0,1,4,0},['Right Leg']={0,0,0,1,0,0,0,1,0,0,0,1,4,0},['Right Arm']={0,0,0,1,0,0,0,1,0,0,0,1,4,0},['Cam']={-1.828,1.554,-1.562,-0.546,0.167,-0.821,0.134,0.985,0.111,0.827,-0.049,-0.56,4,0},}},{0.1,{['HumanoidRootPart']={0,0,0,1,0,0,0,1,0,0,0,1,4,0},['Cam']={-1.82,1.56,-1.577,-0.546,0.167,-0.821,0.134,0.985,0.111,0.827,-0.049,-0.56,4,0},}},{0.117,{['HumanoidRootPart']={0,0,0,1,0,0,0,1,0,0,0,1,4,0},['Cam']={-1.818,1.542,-1.573,-0.546,0.167,-0.821,0.134,0.985,0.111,0.827,-0.049,-0.56,4,0},}},{0.133,{['HumanoidRootPart']={0,0,0,1,0,0,0,1,0,0,0,1,4,0},['Torso']={-0.055,-0.082,-0.009,0.909,-0.393,0.14,0.417,0.847,-0.329,0.011,0.357,0.934,4,0},['Head']={-0.003,-0.002,0,0.976,-0.08,-0.202,0.091,0.995,0.043,0.198,-0.06,0.978,4,0},['Left Leg']={0,0,0,1,0,0,0,1,0,0,0,1,4,0},['Left Arm']={0,0,0,1,0,0,0,1,0,0,0,1,4,0},['Right Leg']={0,0,0,1,0,0,0,1,0,0,0,1,4,0},['Right Arm']={0,0,0,1,0,0,0,1,0,0,0,1,4,0},['Cam']={-1.817,1.543,-1.59,-0.546,0.167,-0.821,0.134,0.985,0.111,0.827,-0.049,-0.56,4,0},}},{0.15,{['HumanoidRootPart']={0,0,0,1,0,0,0,1,0,0,0,1,4,0},['Cam']={-1.808,1.558,-1.603,-0.546,0.167,-0.821,0.134,0.985,0.111,0.827,-0.049,-0.56,4,0},}},{0.167,{['HumanoidRootPart']={0,0,0,1,0,0,0,1,0,0,0,1,4,0},['Cam']={-1.803,1.544,-1.598,-0.546,0.167,-0.821,0.134,0.985,0.111,0.827,-0.049,-0.56,4,0},}},{0.183,{['HumanoidRootPart']={0,0,0,1,0,0,0,1,0,0,0,1,4,0},['Torso']={-0.022,-0.033,-0.004,0.908,-0.397,0.134,0.419,0.847,-0.328,0.017,0.354,0.935,4,0},['Head']={-0.004,-0.003,0,0.967,-0.21,-0.145,0.221,0.973,0.065,0.127,-0.095,0.987,4,0},['Left Leg']={0,0,0,1,0,0,0,1,0,0,0,1,4,0},['Left Arm']={0,0,0,1,0,0,0,1,0,0,0,1,4,0},['Right Leg']={0,0,0,1,0,0,0,1,0,0,0,1,4,0},['Right Arm']={0,0,0,1,0,0,0,1,0,0,0,1,4,0},['Cam']={-1.801,1.544,-1.606,-0.546,0.167,-0.821,0.134,0.985,0.111,0.827,-0.049,-0.56,4,0},}},{0.2,{['HumanoidRootPart']={0,0,0,1,0,0,0,1,0,0,0,1,4,0},['Cam']={-1.787,1.537,-1.609,-0.546,0.167,-0.821,0.134,0.985,0.111,0.827,-0.049,-0.56,4,0},}},{0.217,{['HumanoidRootPart']={0,0,0,1,0,0,0,1,0,0,0,1,4,0},['Cam']={-1.798,1.539,-1.614,-0.546,0.167,-0.821,0.134,0.985,0.111,0.827,-0.049,-0.56,4,0},}},{0.233,{['HumanoidRootPart']={0,0,0,1,0,0,0,1,0,0,0,1,4,0},['Torso']={-0.011,-0.016,-0.002,0.907,-0.399,0.132,0.42,0.847,-0.327,0.019,0.352,0.936,4,0},['Head']={-0.005,-0.004,0,0.949,-0.294,-0.111,0.304,0.949,0.084,0.08,-0.113,0.99,4,0},['Left Leg']={0,0,0,1,0,0,0,1,0,0,0,1,4,0},['Left Arm']={0,0,0,1,0,0,0,1,0,0,0,1,4,0},['Right Leg']={0,0,0,1,0,0,0,1,0,0,0,1,4,0},['Right Arm']={0,0,0,1,0,0,0,1,0,0,0,1,4,0},['Cam']={-1.79,1.544,-1.614,-0.546,0.167,-0.821,0.134,0.985,0.111,0.827,-0.049,-0.56,4,0},}},{0.25,{['HumanoidRootPart']={0,0,0,1,0,0,0,1,0,0,0,1,4,0},['Cam']={-1.797,1.545,-1.627,-0.546,0.167,-0.821,0.134,0.985,0.111,0.827,-0.049,-0.56,4,0},}},{0.267,{['HumanoidRootPart']={0,0,0,1,0,0,0,1,0,0,0,1,4,0},['Cam']={-1.79,1.546,-1.626,-0.546,0.167,-0.821,0.134,0.985,0.111,0.827,-0.049,-0.56,4,0},}},{0.283,{['HumanoidRootPart']={0,0,0,1,0,0,0,1,0,0,0,1,4,0},['Torso']={0,0,0,0.907,-0.4,0.13,0.42,0.846,-0.327,0.021,0.351,0.936,4,0},['Head']={-0.008,-0.007,-0.001,0.95,-0.29,-0.117,0.3,0.95,0.084,0.087,-0.115,0.99,4,0},['Left Leg']={0,0,0,1,0,0,0,1,0,0,0,1,4,0},['Left Arm']={0,0,0,1,0,0,0,1,0,0,0,1,4,0},['Right Leg']={0,0,0,1,0,0,0,1,0,0,0,1,4,0},['Right Arm']={0,0,0,1,0,0,0,1,0,0,0,1,4,0},['Cam']={-1.788,1.545,-1.628,-0.546,0.167,-0.821,0.134,0.985,0.111,0.827,-0.049,-0.56,4,0},}},{0.317,{['HumanoidRootPart']={0,0,0,1,0,0,0,1,0,0,0,1,4,0},['Torso']={0,0,0,0.907,-0.4,0.13,0.42,0.846,-0.327,0.021,0.351,0.936,4,0},['Head']={-0.01,-0.008,-0.001,0.95,-0.287,-0.122,0.298,0.951,0.084,0.092,-0.116,0.989,4,0},['Left Leg']={0,0,0,1,0,0,0,1,0,0,0,1,4,0},['Left Arm']={0,0,0,1,0,0,0,1,0,0,0,1,4,0},['Right Leg']={0,0,0,1,0,0,0,1,0,0,0,1,4,0},['Right Arm']={0,0,0,1,0,0,0,1,0,0,0,1,4,0},}},{0.333,{['HumanoidRootPart']={0,0,0,1,0,0,0,1,0,0,0,1,4,0},['Cam']={-1.784,1.544,-1.631,-0.546,0.167,-0.821,0.134,0.985,0.111,0.827,-0.049,-0.56,4,0},}},{0.367,{['HumanoidRootPart']={0,0,0,1,0,0,0,1,0,0,0,1,4,0},['Torso']={0,0,0,0.907,-0.4,0.13,0.42,0.846,-0.327,0.021,0.351,0.936,4,0},['Head']={-0.012,-0.01,-0.002,0.951,-0.282,-0.126,0.294,0.952,0.086,0.095,-0.119,0.988,4,0},['Left Leg']={0,0,0,1,0,0,0,1,0,0,0,1,4,0},['Left Arm']={0,0,0,1,0,0,0,1,0,0,0,1,4,0},['Right Leg']={0,0,0,1,0,0,0,1,0,0,0,1,4,0},['Right Arm']={0,0,0,1,0,0,0,1,0,0,0,1,4,0},}},{0.4,{['HumanoidRootPart']={0,0,0,1,0,0,0,1,0,0,0,1,4,0},['Torso']={0,0,0,0.907,-0.4,0.13,0.42,0.846,-0.327,0.021,0.351,0.936,4,0},['Head']={-0.014,-0.011,-0.002,0.952,-0.278,-0.128,0.29,0.953,0.088,0.097,-0.121,0.988,4,0},['Left Leg']={0,0,0,1,0,0,0,1,0,0,0,1,4,0},['Left Arm']={0,0,0,1,0,0,0,1,0,0,0,1,4,0},['Right Leg']={0,0,0,1,0,0,0,1,0,0,0,1,4,0},['Right Arm']={0,0,0,1,0,0,0,1,0,0,0,1,4,0},}},{0.417,{['HumanoidRootPart']={0,0,0,1,0,0,0,1,0,0,0,1,4,0},['Torso']={0,0,0,0.907,-0.4,0.13,0.42,0.846,-0.327,0.021,0.351,0.936,4,0},['Head']={-0.015,-0.012,-0.003,0.952,-0.277,-0.129,0.289,0.953,0.088,0.099,-0.122,0.988,4,0},['Left Leg']={0,0,0,1,0,0,0,1,0,0,0,1,4,0},['Left Arm']={0,0,0,1,0,0,0,1,0,0,0,1,4,0},['Right Leg']={0,0,0,1,0,0,0,1,0,0,0,1,4,0},['Right Arm']={0,0,0,1,0,0,0,1,0,0,0,1,4,0},}},{0.433,{['HumanoidRootPart']={0,0,0,1,0,0,0,1,0,0,0,1,4,0},['Cam']={-1.778,1.542,-1.637,-0.546,0.167,-0.821,0.134,0.985,0.111,0.827,-0.049,-0.56,4,0},}},{0.517,{['HumanoidRootPart']={0,0,0,1,0,0,0,1,0,0,0,1,4,0},['Torso']={0,0,0,0.907,-0.4,0.13,0.42,0.846,-0.327,0.021,0.351,0.936,4,0},['Head']={-0.019,-0.015,-0.004,0.955,-0.265,-0.133,0.278,0.956,0.095,0.102,-0.128,0.987,4,0},['Left Leg']={0,0,0,1,0,0,0,1,0,0,0,1,4,0},['Left Arm']={0,0,0,1,0,0,0,1,0,0,0,1,4,0},['Right Leg']={0,0,0,1,0,0,0,1,0,0,0,1,4,0},['Right Arm']={0,0,0,1,0,0,0,1,0,0,0,1,4,0},}},{0.533,{['HumanoidRootPart']={0,0,0,1,0,0,0,1,0,0,0,1,4,0},['Torso']={0,0,0,0.907,-0.4,0.13,0.42,0.846,-0.327,0.021,0.351,0.936,4,0},['Head']={-0.019,-0.015,-0.005,0.956,-0.263,-0.133,0.276,0.956,0.096,0.102,-0.129,0.986,4,0},['Left Leg']={0,0,0,1,0,0,0,1,0,0,0,1,4,0},['Left Arm']={0,0,0,1,0,0,0,1,0,0,0,1,4,0},['Right Leg']={0,0,0,1,0,0,0,1,0,0,0,1,4,0},['Right Arm']={0,0,0,1,0,0,0,1,0,0,0,1,4,0},['Cam']={-1.774,1.541,-1.643,-0.546,0.167,-0.821,0.134,0.985,0.111,0.827,-0.049,-0.56,4,0},}},{0.55,{['HumanoidRootPart']={0,0,0,1,0,0,0,1,0,0,0,1,4,0},['Torso']={-16.277,15.426,-0.787,0.957,0.23,0.176,-0.087,0.808,-0.583,-0.277,0.543,0.793,4,0},['Head']={-0.001,-0.004,0,0.807,-0.586,0.074,0.582,0.81,0.071,-0.102,-0.014,0.995,4,0},['Left Leg']={0.01,0.001,0,0.683,-0.301,0.666,0.459,0.886,-0.07,-0.569,0.353,0.743,4,0},['Left Arm']={-0.29,-0.182,-0.135,0.578,0.736,-0.353,-0.506,0.662,0.553,0.64,-0.141,0.755,4,0},['Right Leg']={0.895,0.91,-0.235,0.348,-0.751,0.561,0.866,0.487,0.114,-0.359,0.446,0.82,4,0},['Right Arm']={-0.283,0.212,-0.089,0.901,-0.205,-0.381,0.427,0.28,0.86,-0.07,-0.938,0.34,4,0},['Cam']={-0.559,1.49,-8.584,-0.921,0.058,-0.385,0.017,0.994,0.11,0.389,0.095,-0.916,4,0},}},{0.583,{['HumanoidRootPart']={0,0,0,1,0,0,0,1,0,0,0,1,4,0},['Cam']={-0.542,1.49,-8.584,-0.919,0.058,-0.39,0.016,0.994,0.11,0.394,0.095,-0.914,4,0},}},{0.6,{['HumanoidRootPart']={0,0,0,1,0,0,0,1,0,0,0,1,4,0},['Torso']={-16.277,15.426,-0.787,0.957,0.23,0.176,-0.087,0.808,-0.583,-0.277,0.543,0.793,4,0},['Head']={-0.001,-0.004,0,0.807,-0.586,0.074,0.582,0.81,0.071,-0.102,-0.014,0.995,4,0},['Left Leg']={0.01,0.001,0,0.683,-0.301,0.666,0.459,0.886,-0.07,-0.569,0.353,0.743,4,0},['Left Arm']={-0.29,-0.182,-0.135,0.578,0.736,-0.353,-0.506,0.662,0.553,0.64,-0.141,0.755,4,0},['Right Leg']={0.895,0.91,-0.235,0.348,-0.751,0.561,0.866,0.487,0.114,-0.359,0.446,0.82,4,0},['Right Arm']={-0.283,0.212,-0.089,0.901,-0.205,-0.381,0.427,0.28,0.86,-0.07,-0.938,0.34,4,0},}},{0.617,{['HumanoidRootPart']={0,0,0,1,0,0,0,1,0,0,0,1,4,0},['Torso']={-14.7,12.619,-0.745,0.968,0.119,0.222,0.03,0.82,-0.571,-0.25,0.559,0.791,4,0},['Head']={-0.002,-0.005,0,0.824,-0.561,-0.084,0.566,0.802,0.19,-0.04,-0.204,0.978,4,0},['Left Leg']={0.012,0.001,0.001,0.761,-0.155,0.63,0.268,0.959,-0.088,-0.59,0.236,0.772,4,0},['Left Arm']={0.065,-0.002,0.197,0.757,0.619,-0.211,-0.332,0.641,0.692,0.563,-0.454,0.691,4,0},['Right Leg']={0.903,0.912,-0.238,0.409,-0.75,0.52,0.833,0.539,0.122,-0.372,0.384,0.845,4,0},['Right Arm']={0.076,-0.051,0.066,0.933,-0.032,-0.359,0.341,0.4,0.851,0.117,-0.916,0.384,4,0},}},{0.65,{['HumanoidRootPart']={0,0,0,1,0,0,0,1,0,0,0,1,4,0},['Torso']={-14.7,12.619,-0.745,0.968,0.119,0.222,0.03,0.82,-0.571,-0.25,0.559,0.791,4,0},['Head']={-0.002,-0.005,0,0.824,-0.561,-0.084,0.566,0.802,0.19,-0.04,-0.204,0.978,4,0},['Left Leg']={0.012,0.001,0.001,0.761,-0.155,0.63,0.268,0.959,-0.088,-0.59,0.236,0.772,4,0},['Left Arm']={0.065,-0.002,0.197,0.757,0.619,-0.211,-0.332,0.641,0.692,0.563,-0.454,0.691,4,0},['Right Leg']={0.903,0.912,-0.238,0.409,-0.75,0.52,0.833,0.539,0.122,-0.372,0.384,0.845,4,0},['Right Arm']={0.076,-0.051,0.066,0.933,-0.032,-0.359,0.341,0.4,0.851,0.117,-0.916,0.384,4,0},}},{0.667,{['HumanoidRootPart']={0,0,0,1,0,0,0,1,0,0,0,1,4,0},['Torso']={-13.894,11.001,-0.59,0.904,-0.32,0.285,0.419,0.8,-0.429,-0.091,0.507,0.857,4,0},['Head']={-0.001,-0.009,-0.001,0.986,-0.159,0.045,0.152,0.978,0.142,-0.067,-0.134,0.989,4,0},['Left Leg']={-0.85,0.688,-0.231,0.788,-0.615,0.026,0.582,0.759,0.291,-0.199,-0.215,0.956,4,0},['Left Arm']={0.531,-0.222,0.007,0.997,-0.012,-0.076,0.044,0.895,0.444,0.062,-0.446,0.893,4,0},['Right Leg']={0.098,0.346,0.037,0.976,0.217,0.009,-0.217,0.973,0.079,0.009,-0.079,0.997,4,0},['Right Arm']={-0.041,-0.196,-0.007,0.933,-0.286,-0.219,0.35,0.572,0.742,-0.087,-0.769,0.633,4,0},}},{0.683,{['HumanoidRootPart']={0,0,0,1,0,0,0,1,0,0,0,1,4,0},['Cam']={-0.519,1.475,-8.599,-0.915,0.058,-0.399,0.015,0.994,0.111,0.403,0.095,-0.91,4,0},}},{0.7,{['HumanoidRootPart']={0,0,0,1,0,0,0,1,0,0,0,1,4,0},['Torso']={-13.894,11.001,-0.59,0.904,-0.32,0.285,0.419,0.8,-0.429,-0.091,0.507,0.857,4,0},['Head']={-0.001,-0.009,-0.001,0.986,-0.159,0.045,0.152,0.978,0.142,-0.067,-0.134,0.989,4,0},['Left Leg']={-0.85,0.688,-0.231,0.788,-0.615,0.026,0.582,0.759,0.291,-0.199,-0.215,0.956,4,0},['Left Arm']={0.531,-0.222,0.007,0.997,-0.012,-0.076,0.044,0.895,0.444,0.062,-0.446,0.893,4,0},['Right Leg']={0.098,0.346,0.037,0.976,0.217,0.009,-0.217,0.973,0.079,0.009,-0.079,0.997,4,0},['Right Arm']={-0.041,-0.196,-0.007,0.933,-0.286,-0.219,0.35,0.572,0.742,-0.087,-0.769,0.633,4,0},}},{0.717,{['HumanoidRootPart']={0,0,0,1,0,0,0,1,0,0,0,1,4,0},['Torso']={-13.96,11.471,-0.696,0.769,-0.499,0.4,0.629,0.479,-0.612,0.114,0.722,0.682,4,0},['Head']={0.004,-0.011,-0.01,0.984,0.021,0.178,-0.1,0.891,0.443,-0.15,-0.453,0.879,4,0},['Left Leg']={-0.765,0.887,-0.087,0.972,-0.198,0.13,0.178,0.973,0.145,-0.155,-0.118,0.981,4,0},['Left Arm']={0.677,-0.045,0.188,0.532,-0.745,0.402,-0.382,0.213,0.899,-0.755,-0.632,-0.171,4,0},['Right Leg']={0.05,0.58,0.136,0.838,-0.382,-0.391,0.387,0.919,-0.067,0.385,-0.095,0.918,4,0},['Right Arm']={0.498,-0.024,0.121,0.465,-0.866,0.186,0.385,0.386,0.838,-0.797,-0.318,0.513,4,0},}},{0.733,{['HumanoidRootPart']={0,0,0,1,0,0,0,1,0,0,0,1,4,0},['Cam']={-0.521,1.46,-8.613,-0.914,0.059,-0.402,0.015,0.994,0.111,0.406,0.095,-0.909,4,0},}},{0.767,{['HumanoidRootPart']={0,0,0,1,0,0,0,1,0,0,0,1,4,0},['Cam']={-0.525,1.441,-8.634,-0.914,0.059,-0.403,0.015,0.994,0.111,0.407,0.096,-0.909,4,0},}},{0.783,{['HumanoidRootPart']={0,0,0,1,0,0,0,1,0,0,0,1,4,0},['Torso']={-13.96,11.471,-0.696,0.769,-0.499,0.4,0.629,0.479,-0.612,0.114,0.722,0.682,4,0},['Head']={0.004,-0.011,-0.01,0.984,0.021,0.178,-0.1,0.891,0.443,-0.15,-0.453,0.879,4,0},['Left Leg']={-0.765,0.887,-0.087,0.972,-0.198,0.13,0.178,0.973,0.145,-0.155,-0.118,0.981,4,0},['Left Arm']={0.677,-0.045,0.188,0.532,-0.745,0.402,-0.382,0.213,0.899,-0.755,-0.632,-0.171,4,0},['Right Leg']={0.05,0.58,0.136,0.838,-0.382,-0.391,0.387,0.919,-0.067,0.385,-0.095,0.918,4,0},['Right Arm']={0.498,-0.024,0.121,0.465,-0.866,0.186,0.385,0.386,0.838,-0.797,-0.318,0.513,4,0},}},{0.8,{['HumanoidRootPart']={0,0,0,1,0,0,0,1,0,0,0,1,4,0},['Torso']={-11.942,9.026,-0.853,0.687,-0.552,0.473,0.678,0.252,-0.691,0.263,0.795,0.547,4,0},['Head']={-0.002,-0.014,-0.004,0.984,0.079,0.162,-0.156,0.822,0.547,-0.09,-0.564,0.821,4,0},['Left Leg']={-0.643,1.997,-0.109,0.755,0.646,-0.111,-0.62,0.759,0.2,0.213,-0.082,0.974,4,0},['Left Arm']={0.088,-0.397,0.032,0.824,-0.442,0.354,0.049,0.677,0.734,-0.564,-0.588,0.58,4,0},['Right Leg']={0.525,0.448,0.148,0.957,0.16,-0.241,-0.181,0.981,-0.07,0.225,0.111,0.968,4,0},['Right Arm']={0.446,-0.395,-0.196,0.133,-0.927,0.35,0.572,0.36,0.737,-0.81,0.102,0.578,4,0},['Cam']={-0.569,1.465,-8.654,-0.913,0.059,-0.403,0.015,0.994,0.112,0.407,0.096,-0.908,4,0},}},{0.833,{['HumanoidRootPart']={0,0,0,1,0,0,0,1,0,0,0,1,4,0},['Cam']={-0.568,1.473,-8.674,-0.913,0.059,-0.403,0.015,0.994,0.112,0.407,0.097,-0.908,4,0},}},{0.85,{['HumanoidRootPart']={0,0,0,1,0,0,0,1,0,0,0,1,4,0},['Torso']={-11.942,9.026,-0.853,0.687,-0.552,0.473,0.678,0.252,-0.691,0.263,0.795,0.547,4,0},['Head']={-0.002,-0.014,-0.004,0.984,0.079,0.162,-0.156,0.822,0.547,-0.09,-0.564,0.821,4,0},['Left Leg']={-0.643,1.997,-0.109,0.755,0.646,-0.111,-0.62,0.759,0.2,0.213,-0.082,0.974,4,0},['Left Arm']={0.088,-0.397,0.032,0.824,-0.442,0.354,0.049,0.677,0.734,-0.564,-0.588,0.58,4,0},['Right Leg']={0.525,0.448,0.148,0.957,0.16,-0.241,-0.181,0.981,-0.07,0.225,0.111,0.968,4,0},['Right Arm']={0.446,-0.395,-0.196,0.133,-0.927,0.35,0.572,0.36,0.737,-0.81,0.102,0.578,4,0},}},{0.867,{['HumanoidRootPart']={0,0,0,1,0,0,0,1,0,0,0,1,4,0},['Torso']={-9.826,5.775,-0.642,0.653,-0.507,0.563,0.735,0.244,-0.633,0.184,0.827,0.532,4,0},['Head']={-0.002,-0.013,-0.005,0.98,0.164,0.112,-0.199,0.826,0.528,-0.006,-0.54,0.842,4,0},['Left Leg']={-0.571,1.098,-0.141,0.245,0.961,-0.132,-0.968,0.25,0.017,0.049,0.123,0.991,4,0},['Left Arm']={-0.002,-0.466,-0.084,0.941,-0.002,0.34,-0.329,0.248,0.911,-0.086,-0.969,0.233,4,0},['Right Leg']={0.359,0.353,0.182,0.844,0.499,-0.195,-0.512,0.859,-0.021,0.157,0.118,0.981,4,0},['Right Arm']={0.282,-0.355,0.047,0.032,-0.944,0.327,0.626,0.274,0.73,-0.78,0.181,0.6,4,0},}},{0.883,{['HumanoidRootPart']={0,0,0,1,0,0,0,1,0,0,0,1,4,0},['Cam']={-0.614,1.5,-8.721,-0.914,0.06,-0.401,0.015,0.993,0.113,0.406,0.097,-0.909,4,0},}},{0.9,{['HumanoidRootPart']={0,0,0,1,0,0,0,1,0,0,0,1,4,0},['Cam']={-0.629,1.509,-8.736,-0.914,0.06,-0.401,0.016,0.993,0.114,0.405,0.098,-0.909,4,0},}},{0.917,{['HumanoidRootPart']={0,0,0,1,0,0,0,1,0,0,0,1,4,0},['Torso']={-9.826,5.775,-0.642,0.653,-0.507,0.563,0.735,0.244,-0.633,0.184,0.827,0.532,4,0},['Head']={-0.002,-0.013,-0.005,0.98,0.164,0.112,-0.199,0.826,0.528,-0.006,-0.54,0.842,4,0},['Left Leg']={-0.571,1.098,-0.141,0.245,0.961,-0.132,-0.968,0.25,0.017,0.049,0.123,0.991,4,0},['Left Arm']={-0.002,-0.466,-0.084,0.941,-0.002,0.34,-0.329,0.248,0.911,-0.086,-0.969,0.233,4,0},['Right Leg']={0.359,0.353,0.182,0.844,0.499,-0.195,-0.512,0.859,-0.021,0.157,0.118,0.981,4,0},['Right Arm']={0.282,-0.355,0.047,0.032,-0.944,0.327,0.626,0.274,0.73,-0.78,0.181,0.6,4,0},}},{0.933,{['HumanoidRootPart']={0,0,0,1,0,0,0,1,0,0,0,1,4,0},['Torso']={-8.416,3.866,-0.438,0.851,0.094,0.516,0.285,0.743,-0.606,-0.44,0.663,0.605,4,0},['Head']={-0.001,-0.011,-0.004,0.815,-0.549,-0.189,0.566,0.679,0.468,-0.129,-0.488,0.863,4,0},['Left Leg']={-0.264,0.43,0.135,0.831,-0.178,0.527,0.179,0.983,0.049,-0.526,0.054,0.849,4,0},['Left Arm']={0.049,-0.47,0.321,0.444,0.879,0.173,-0.398,0.021,0.917,0.803,-0.476,0.359,4,0},['Right Leg']={0.827,0.717,-0.135,0.501,-0.771,0.393,0.831,0.555,0.03,-0.241,0.311,0.919,4,0},['Right Arm']={-0.607,0.005,0.128,0.939,0.29,-0.182,-0.041,0.623,0.781,0.34,-0.726,0.597,4,0},['Cam']={-0.659,1.527,-8.767,-0.915,0.061,-0.4,0.016,0.993,0.115,0.404,0.098,-0.909,4,0},}},{0.967,{['HumanoidRootPart']={0,0,0,1,0,0,0,1,0,0,0,1,4,0},['Cam']={-0.713,1.446,-8.808,-0.916,0.061,-0.397,0.016,0.993,0.115,0.401,0.099,-0.911,4,0},}},{1,{['HumanoidRootPart']={0,0,0,1,0,0,0,1,0,0,0,1,4,0},['Cam']={-0.739,1.485,-8.849,-0.917,0.062,-0.394,0.017,0.993,0.116,0.399,0.1,-0.912,4,0},}},{1.033,{['HumanoidRootPart']={0,0,0,1,0,0,0,1,0,0,0,1,4,0},['Torso']={-8.416,3.866,-0.438,0.851,0.094,0.516,0.285,0.743,-0.606,-0.44,0.663,0.605,4,0},['Head']={-0.001,-0.011,-0.004,0.815,-0.549,-0.189,0.566,0.679,0.468,-0.129,-0.488,0.863,4,0},['Left Leg']={-0.264,0.43,0.135,0.831,-0.178,0.527,0.179,0.983,0.049,-0.526,0.054,0.849,4,0},['Left Arm']={0.049,-0.47,0.321,0.444,0.879,0.173,-0.398,0.021,0.917,0.803,-0.476,0.359,4,0},['Right Leg']={0.827,0.717,-0.135,0.501,-0.771,0.393,0.831,0.555,0.03,-0.241,0.311,0.919,4,0},['Right Arm']={-0.607,0.005,0.128,0.939,0.29,-0.182,-0.041,0.623,0.781,0.34,-0.726,0.597,4,0},['Cam']={-0.82,1.49,-8.89,-0.918,0.062,-0.391,0.017,0.993,0.117,0.396,0.101,-0.913,4,0},}},{1.05,{['HumanoidRootPart']={0,0,0,1,0,0,0,1,0,0,0,1,4,0},['Torso']={-7.141,2.613,-0.411,0.797,0.002,0.603,0.52,0.505,-0.689,-0.306,0.863,0.401,4,0},['Head']={-0.001,-0.01,-0.004,0.947,-0.259,-0.189,0.319,0.806,0.498,0.023,-0.532,0.846,4,0},['Left Leg']={-0.228,0.428,-0.008,0.873,-0.282,0.398,0.257,0.959,0.117,-0.415,0,0.91,4,0},['Left Arm']={0.199,-0.004,-0.017,0.762,0.644,0.065,-0.486,0.503,0.714,0.427,-0.576,0.697,4,0},['Right Leg']={0.83,0.719,-0.135,0.807,-0.455,0.377,0.513,0.856,-0.062,-0.294,0.244,0.924,4,0},['Right Arm']={0.176,-0.546,0.041,0.918,0.242,-0.315,-0.052,0.86,0.508,0.394,-0.45,0.801,4,0},}},{1.083,{['HumanoidRootPart']={0,0,0,1,0,0,0,1,0,0,0,1,4,0},['Cam']={-0.89,1.49,-8.95,-0.92,0.062,-0.387,0.017,0.993,0.118,0.392,0.102,-0.914,4,0},}},{1.133,{['HumanoidRootPart']={0,0,0,1,0,0,0,1,0,0,0,1,4,0},['Cam']={-0.917,1.503,-8.99,-0.92,0.06,-0.386,0.016,0.993,0.117,0.391,0.101,-0.915,4,0},}},{1.15,{['HumanoidRootPart']={0,0,0,1,0,0,0,1,0,0,0,1,4,0},['Torso']={-7.141,2.613,-0.411,0.797,0.002,0.603,0.52,0.505,-0.689,-0.306,0.863,0.401,4,0},['Head']={-0.001,-0.01,-0.004,0.947,-0.259,-0.189,0.319,0.806,0.498,0.024,-0.532,0.846,4,0},['Left Leg']={-0.228,0.428,-0.008,0.873,-0.282,0.398,0.257,0.959,0.117,-0.415,0,0.91,4,0},['Left Arm']={0.199,-0.004,-0.017,0.762,0.644,0.065,-0.486,0.503,0.714,0.427,-0.576,0.697,4,0},['Right Leg']={0.83,0.719,-0.135,0.807,-0.455,0.377,0.513,0.856,-0.062,-0.294,0.244,0.924,4,0},['Right Arm']={0.176,-0.546,0.041,0.918,0.242,-0.315,-0.052,0.86,0.508,0.394,-0.45,0.801,4,0},}},{1.167,{['HumanoidRootPart']={0,0,0,1,0,0,0,1,0,0,0,1,4,0},['Torso']={-6.503,2.245,-0.248,0.559,-0.691,0.458,0.66,0.036,-0.751,0.502,0.722,0.477,4,0},['Head']={-0.002,-0.014,-0.006,0.931,0.221,0.289,-0.348,0.777,0.524,-0.109,-0.589,0.801,4,0},['Left Leg']={-0.613,0.652,-0.184,0.417,0.774,-0.476,-0.903,0.415,-0.116,0.108,0.478,0.872,4,0},['Left Arm']={0.337,-0.113,-0.122,0.669,-0.481,0.567,-0.506,0.264,0.821,-0.545,-0.836,-0.067,4,0},['Right Leg']={-0.021,-0.085,0.053,0.933,0.166,-0.318,-0.182,0.983,-0.021,0.309,0.078,0.948,4,0},['Right Arm']={-0.069,-0.184,0.528,0.533,-0.816,0.224,-0.495,-0.086,0.865,-0.686,-0.572,-0.45,4,0},}},{1.183,{['HumanoidRootPart']={0,0,0,1,0,0,0,1,0,0,0,1,4,0},['Cam']={-0.97,1.49,-9.03,-0.921,0.059,-0.385,0.015,0.993,0.116,0.389,0.101,-0.915,4,0},}},{1.2,{['HumanoidRootPart']={0,0,0,1,0,0,0,1,0,0,0,1,4,0},['Torso']={-6.503,2.245,-0.248,0.559,-0.691,0.458,0.66,0.036,-0.751,0.502,0.722,0.477,4,0},['Head']={-0.002,-0.014,-0.006,0.931,0.221,0.289,-0.348,0.777,0.524,-0.109,-0.589,0.801,4,0},['Left Leg']={-0.613,0.652,-0.184,0.417,0.774,-0.476,-0.903,0.415,-0.116,0.108,0.478,0.872,4,0},['Left Arm']={0.337,-0.113,-0.122,0.669,-0.481,0.567,-0.506,0.264,0.821,-0.545,-0.836,-0.067,4,0},['Right Leg']={-0.021,-0.085,0.053,0.933,0.166,-0.318,-0.182,0.983,-0.021,0.309,0.078,0.948,4,0},['Right Arm']={-0.069,-0.184,0.528,0.533,-0.816,0.224,-0.495,-0.086,0.865,-0.686,-0.572,-0.45,4,0},}},{1.217,{['HumanoidRootPart']={0,0,0,1,0,0,0,1,0,0,0,1,4,0},['Torso']={-5.702,0.992,-0.377,0.577,-0.688,0.439,0.641,0.05,-0.766,0.505,0.724,0.47,4,0},['Head']={-0.002,-0.015,-0.006,0.937,0.225,0.267,-0.331,0.819,0.469,-0.113,-0.528,0.842,4,0},['Left Leg']={-0.611,0.652,-0.184,0.525,0.716,-0.459,-0.835,0.538,-0.114,0.165,0.444,0.881,4,0},['Left Arm']={0.226,-0.131,0.001,0.618,-0.544,0.568,-0.398,0.407,0.822,-0.678,-0.734,0.035,4,0},['Right Leg']={-0.022,-0.085,0.053,0.948,0.082,-0.307,-0.078,0.997,0.025,0.308,0.001,0.951,4,0},['Right Arm']={-0.069,-0.183,0.528,0.358,-0.869,0.343,-0.63,0.046,0.776,-0.689,-0.494,-0.53,4,0},['Cam']={-0.977,1.459,-9.043,-0.921,0.056,-0.386,0.013,0.993,0.114,0.39,0.1,-0.915,4,0},}},{1.267,{['HumanoidRootPart']={0,0,0,1,0,0,0,1,0,0,0,1,4,0},['Torso']={-5.702,0.992,-0.377,0.577,-0.688,0.439,0.641,0.05,-0.766,0.505,0.724,0.47,4,0},['Head']={-0.002,-0.015,-0.006,0.937,0.225,0.267,-0.331,0.819,0.469,-0.113,-0.528,0.842,4,0},['Left Leg']={-0.611,0.652,-0.184,0.525,0.716,-0.459,-0.835,0.538,-0.114,0.165,0.444,0.881,4,0},['Left Arm']={0.226,-0.131,0.001,0.618,-0.544,0.568,-0.398,0.407,0.822,-0.678,-0.734,0.035,4,0},['Right Leg']={-0.022,-0.085,0.053,0.948,0.082,-0.307,-0.078,0.997,0.025,0.308,0.001,0.951,4,0},['Right Arm']={-0.069,-0.183,0.528,0.358,-0.869,0.343,-0.63,0.046,0.776,-0.689,-0.494,-0.53,4,0},}},{1.283,{['HumanoidRootPart']={0,0,0,1,0,0,0,1,0,0,0,1,4,0},['Torso']={-3.034,-2.488,-0.04,0.857,-0.31,0.412,0.515,0.546,-0.66,-0.02,0.778,0.628,4,0},['Head']={0,-0.013,-0.01,0.986,-0.105,-0.133,0.153,0.889,0.431,0.073,-0.445,0.893,4,0},['Left Leg']={-0.46,0.694,-0.074,0.841,0.54,0.04,-0.54,0.842,-0.009,-0.039,-0.014,0.999,4,0},['Left Arm']={-0.003,0.086,0.071,0.801,0.467,0.375,-0.599,0.615,0.513,0.009,-0.635,0.772,4,0},['Right Leg']={0.162,0.037,-0.05,0.844,-0.507,-0.176,0.449,0.847,-0.285,0.294,0.162,0.942,4,0},['Right Arm']={-0.521,0.223,-0.243,0.985,0.087,-0.146,0.097,0.419,0.903,0.14,-0.904,0.405,4,0},['Cam']={-0.99,1.49,-9.069,-0.92,0.051,-0.388,0.008,0.994,0.111,0.392,0.099,-0.915,4,0},}},{1.35,{['HumanoidRootPart']={0,0,0,1,0,0,0,1,0,0,0,1,4,0},['Cam']={-0.994,1.505,-9.086,-0.919,0.045,-0.392,0.004,0.994,0.107,0.394,0.097,-0.914,4,0},}},{1.367,{['HumanoidRootPart']={0,0,0,1,0,0,0,1,0,0,0,1,4,0},['Torso']={-3.034,-2.488,-0.04,0.857,-0.31,0.412,0.515,0.546,-0.66,-0.02,0.778,0.628,4,0},['Head']={0,-0.013,-0.01,0.986,-0.105,-0.133,0.153,0.889,0.431,0.073,-0.445,0.893,4,0},['Left Leg']={-0.46,0.694,-0.074,0.841,0.54,0.04,-0.54,0.842,-0.009,-0.039,-0.014,0.999,4,0},['Left Arm']={-0.003,0.086,0.071,0.801,0.467,0.375,-0.599,0.615,0.513,0.009,-0.635,0.772,4,0},['Right Leg']={0.162,0.037,-0.05,0.844,-0.507,-0.176,0.449,0.847,-0.285,0.294,0.162,0.942,4,0},['Right Arm']={-0.521,0.223,-0.243,0.985,0.087,-0.146,0.097,0.419,0.903,0.14,-0.904,0.405,4,0},}},{1.383,{['HumanoidRootPart']={0,0,0,1,0,0,0,1,0,0,0,1,4,0},['Torso']={-2.328,-3.637,0.106,0.816,0.132,0.563,0.269,0.775,-0.572,-0.512,0.619,0.596,4,0},['Head']={0.001,-0.013,-0.013,0.804,-0.35,-0.481,0.565,0.703,0.432,0.187,-0.619,0.763,4,0},['Left Leg']={-0.307,0.735,0.038,0.821,0.258,0.509,-0.381,0.912,0.153,-0.425,-0.319,0.847,4,0},['Left Arm']={-0.342,0.286,0.263,0.575,0.816,0.068,-0.215,0.071,0.974,0.79,-0.574,0.216,4,0},['Right Leg']={0.344,0.158,-0.153,0.461,-0.869,0.181,0.824,0.343,-0.451,0.329,0.357,0.874,4,0},['Right Arm']={-0.189,-0.1,0.316,0.817,0.532,-0.224,0.011,0.373,0.928,0.577,-0.76,0.299,4,0},['Cam']={-0.997,1.468,-9.095,-0.918,0.042,-0.393,0.001,0.995,0.105,0.396,0.096,-0.913,4,0},}},{1.417,{['HumanoidRootPart']={0,0,0,1,0,0,0,1,0,0,0,1,4,0},['Torso']={-2.328,-3.637,0.106,0.816,0.132,0.563,0.269,0.775,-0.572,-0.512,0.619,0.596,4,0},['Head']={0.001,-0.013,-0.013,0.804,-0.35,-0.481,0.565,0.703,0.432,0.187,-0.619,0.763,4,0},['Left Leg']={-0.307,0.735,0.038,0.821,0.258,0.509,-0.381,0.912,0.153,-0.425,-0.319,0.847,4,0},['Left Arm']={-0.342,0.286,0.263,0.575,0.816,0.068,-0.215,0.071,0.974,0.79,-0.574,0.216,4,0},['Right Leg']={0.344,0.158,-0.153,0.461,-0.869,0.181,0.824,0.343,-0.451,0.329,0.357,0.874,4,0},['Right Arm']={-0.189,-0.1,0.316,0.817,0.532,-0.224,0.011,0.373,0.928,0.577,-0.76,0.299,4,0},}},{1.433,{['HumanoidRootPart']={0,0,0,1,0,0,0,1,0,0,0,1,4,0},['Torso']={-1.453,-5.143,0.106,0.816,0.132,0.563,0.269,0.775,-0.572,-0.512,0.619,0.596,4,0},['Head']={0.001,-0.013,-0.013,0.804,-0.35,-0.481,0.565,0.703,0.432,0.187,-0.619,0.763,4,0},['Left Leg']={-0.307,0.735,0.038,0.821,0.258,0.509,-0.381,0.912,0.153,-0.425,-0.319,0.847,4,0},['Left Arm']={-0.342,0.286,0.263,0.575,0.816,0.068,-0.215,0.071,0.974,0.79,-0.574,0.216,4,0},['Right Leg']={0.344,0.158,-0.153,0.461,-0.869,0.181,0.824,0.343,-0.451,0.329,0.357,0.874,4,0},['Right Arm']={-0.189,-0.1,0.316,0.817,0.532,-0.224,0.011,0.373,0.928,0.577,-0.76,0.299,4,0},['Cam']={-0.96,1.494,-9.108,-0.917,0.038,-0.396,-0.002,0.995,0.102,0.398,0.094,-0.913,4,0},}},{1.467,{['HumanoidRootPart']={0,0,0,1,0,0,0,1,0,0,0,1,4,0},['Cam']={-0.987,1.511,-9.117,-0.917,0.035,-0.398,-0.005,0.995,0.099,0.399,0.093,-0.912,4,0},}},{1.483,{['HumanoidRootPart']={0,0,0,1,0,0,0,1,0,0,0,1,4,0},['Torso']={-1.453,-5.143,0.106,0.816,0.132,0.563,0.269,0.775,-0.572,-0.512,0.619,0.596,4,0},['Head']={0.001,-0.013,-0.013,0.804,-0.35,-0.481,0.565,0.703,0.432,0.187,-0.619,0.763,4,0},['Left Leg']={-0.307,0.735,0.038,0.821,0.258,0.509,-0.381,0.912,0.153,-0.425,-0.319,0.847,4,0},['Left Arm']={-0.342,0.286,0.263,0.575,0.816,0.068,-0.215,0.071,0.974,0.79,-0.574,0.216,4,0},['Right Leg']={0.344,0.158,-0.153,0.461,-0.869,0.181,0.824,0.343,-0.451,0.329,0.357,0.874,4,0},['Right Arm']={-0.189,-0.1,0.316,0.817,0.532,-0.224,0.011,0.373,0.928,0.577,-0.76,0.299,4,0},}},{1.5,{['HumanoidRootPart']={0,0,0,1,0,0,0,1,0,0,0,1,4,0},['Torso']={-0.325,-6.515,0.106,0.816,0.132,0.563,0.269,0.775,-0.572,-0.512,0.619,0.596,4,0},['Head']={0.001,-0.013,-0.013,0.804,-0.35,-0.481,0.565,0.703,0.432,0.187,-0.619,0.763,4,0},['Left Leg']={-0.307,0.735,0.038,0.821,0.258,0.509,-0.381,0.912,0.153,-0.425,-0.319,0.847,4,0},['Left Arm']={-0.342,0.286,0.263,0.575,0.816,0.068,-0.215,0.071,0.974,0.79,-0.574,0.216,4,0},['Right Leg']={0.344,0.158,-0.153,0.461,-0.869,0.181,0.824,0.343,-0.451,0.329,0.357,0.874,4,0},['Right Arm']={-0.189,-0.1,0.316,0.817,0.532,-0.224,0.011,0.373,0.928,0.577,-0.76,0.299,4,0},['Cam']={-0.99,1.49,-9.125,-0.916,0.032,-0.399,-0.007,0.995,0.097,0.4,0.092,-0.912,4,0},}},{1.517,{['HumanoidRootPart']={0,0,0,1,0,0,0,1,0,0,0,1,4,0},['Torso']={-1.777,1.831,0.491,0.778,-0.408,0.478,0.607,0.684,-0.404,-0.162,0.605,0.779,4,0},['Head']={-0.001,0,0.005,0.94,-0.34,0.02,0.247,0.639,-0.728,0.235,0.69,0.685,4,0},['Left Leg']={-0.501,0.361,0.128,0.845,-0.389,0.368,0.447,0.89,-0.085,-0.294,0.237,0.926,4,0},['Left Arm']={0.389,-0.2,-0.297,0.607,-0.727,0.321,-0.053,0.365,0.929,-0.793,-0.581,0.183,4,0},['Right Leg']={-0.036,0.063,0.106,0.982,0.15,-0.111,-0.13,0.977,0.172,0.134,-0.154,0.979,4,0},['Right Arm']={1.119,-0.264,-0.204,-0.374,-0.893,0.249,0.868,-0.244,0.432,-0.325,0.378,0.867,4,0},['Cam']={-0.507,-2.034,-3.436,-0.974,-0.174,-0.147,0.009,0.614,-0.789,0.227,-0.77,-0.596,4,0},}},{1.533,{['HumanoidRootPart']={0,0,0,1,0,0,0,1,0,0,0,1,4,0},['Cam']={-0.501,-2.126,-3.312,-0.974,-0.175,-0.142,0.008,0.602,-0.798,0.225,-0.779,-0.585,4,0},}},{1.55,{['HumanoidRootPart']={0,0,0,1,0,0,0,1,0,0,0,1,4,0},['Cam']={-0.497,-2.189,-3.226,-0.975,-0.176,-0.138,0.007,0.594,-0.805,0.223,-0.785,-0.578,4,0},}},{1.567,{['HumanoidRootPart']={0,0,0,1,0,0,0,1,0,0,0,1,4,0},['Torso']={-1.465,1.432,0.354,0.755,-0.437,0.489,0.632,0.683,-0.365,-0.175,0.585,0.792,4,0},['Head']={0.002,-0.01,0.001,0.959,-0.285,-0.001,0.229,0.773,-0.592,0.17,0.567,0.806,4,0},['Left Leg']={-0.501,0.361,0.128,0.839,-0.395,0.375,0.455,0.887,-0.082,-0.3,0.239,0.924,4,0},['Left Arm']={0.37,-0.203,-0.246,0.721,-0.637,0.272,-0.061,0.334,0.941,-0.69,-0.695,0.202,4,0},['Right Leg']={-0.036,0.063,0.106,0.981,0.169,-0.091,-0.152,0.973,0.173,0.118,-0.156,0.981,4,0},['Right Arm']={0.464,-0.088,-0.099,0.394,-0.899,0.193,0.685,0.427,0.591,-0.613,-0.101,0.783,4,0},['Cam']={-0.495,-2.23,-3.17,-0.975,-0.176,-0.136,0.007,0.588,-0.809,0.222,-0.789,-0.572,4,0},}},{1.583,{['HumanoidRootPart']={0,0,0,1,0,0,0,1,0,0,0,1,4,0},['Torso']={-1.361,1.299,0.308,0.747,-0.447,0.493,0.64,0.683,-0.352,-0.179,0.579,0.796,4,0},['Head']={0.003,-0.013,0,0.964,-0.266,-0.006,0.22,0.811,-0.542,0.149,0.521,0.841,4,0},['Left Leg']={-0.501,0.361,0.128,0.837,-0.399,0.375,0.458,0.885,-0.08,-0.3,0.239,0.923,4,0},['Left Arm']={0.364,-0.204,-0.228,0.756,-0.603,0.256,-0.062,0.323,0.944,-0.652,-0.73,0.207,4,0},['Right Leg']={-0.036,0.063,0.106,0.98,0.175,-0.089,-0.158,0.972,0.175,0.117,-0.158,0.981,4,0},['Right Arm']={0.37,-0.067,-0.084,0.492,-0.847,0.2,0.612,0.5,0.612,-0.619,-0.179,0.765,4,0},['Cam']={-0.493,-2.255,-3.136,-0.975,-0.176,-0.135,0.006,0.585,-0.811,0.222,-0.792,-0.569,4,0},}},{1.6,{['HumanoidRootPart']={0,0,0,1,0,0,0,1,0,0,0,1,4,0},['Torso']={-1.257,1.166,0.262,0.739,-0.456,0.496,0.648,0.682,-0.339,-0.183,0.572,0.8,4,0},['Head']={0.004,-0.016,-0.001,0.969,-0.246,-0.009,0.21,0.846,-0.489,0.128,0.472,0.872,4,0},['Left Leg']={-0.502,0.36,0.128,0.834,-0.403,0.376,0.462,0.883,-0.078,-0.3,0.239,0.923,4,0},['Left Arm']={0.357,-0.206,-0.211,0.788,-0.567,0.239,-0.063,0.312,0.948,-0.612,-0.762,0.211,4,0},['Right Leg']={-0.036,0.063,0.106,0.98,0.182,-0.086,-0.165,0.97,0.177,0.116,-0.159,0.981,4,0},['Right Arm']={0.276,-0.045,-0.07,0.583,-0.784,0.211,0.531,0.565,0.632,-0.614,-0.257,0.746,4,0},['Cam']={-0.492,-2.268,-3.118,-0.975,-0.176,-0.134,0.006,0.583,-0.812,0.221,-0.793,-0.568,4,0},}},{1.617,{['HumanoidRootPart']={0,0,0,1,0,0,0,1,0,0,0,1,4,0},['Torso']={-1.154,1.034,0.216,0.731,-0.466,0.499,0.656,0.681,-0.326,-0.188,0.565,0.803,4,0},['Head']={0.005,-0.019,-0.002,0.973,-0.231,-0.011,0.201,0.871,-0.449,0.113,0.435,0.894,4,0},['Left Leg']={-0.502,0.36,0.128,0.832,-0.407,0.376,0.466,0.881,-0.076,-0.301,0.239,0.923,4,0},['Left Arm']={0.351,-0.207,-0.194,0.819,-0.529,0.222,-0.063,0.301,0.951,-0.57,-0.793,0.213,4,0},['Right Leg']={-0.036,0.063,0.106,0.979,0.188,-0.083,-0.171,0.969,0.178,0.114,-0.16,0.98,4,0},['Right Arm']={0.183,-0.023,-0.056,0.666,-0.711,0.224,0.443,0.619,0.649,-0.6,-0.333,0.727,4,0},['Cam']={-0.492,-2.275,-3.109,-0.975,-0.176,-0.134,0.006,0.582,-0.813,0.221,-0.794,-0.567,4,0},}},{1.633,{['HumanoidRootPart']={0,0,0,1,0,0,0,1,0,0,0,1,4,0},['Torso']={-1.05,0.901,0.171,0.723,-0.476,0.502,0.664,0.68,-0.312,-0.192,0.559,0.807,4,0},['Head']={0.005,-0.021,-0.003,0.977,-0.215,-0.012,0.192,0.893,-0.408,0.098,0.396,0.913,4,0},['Left Leg']={-0.502,0.36,0.128,0.83,-0.413,0.376,0.471,0.879,-0.074,-0.3,0.238,0.924,4,0},['Left Arm']={0.344,-0.208,-0.177,0.847,-0.49,0.204,-0.062,0.29,0.955,-0.527,-0.822,0.215,4,0},['Right Leg']={-0.036,0.062,0.105,0.977,0.194,-0.083,-0.177,0.967,0.181,0.115,-0.162,0.98,4,0},['Right Arm']={0.089,-0.002,-0.041,0.739,-0.629,0.24,0.348,0.662,0.664,-0.577,-0.407,0.708,4,0},['Cam']={-0.492,-2.277,-3.106,-0.975,-0.176,-0.134,0.006,0.582,-0.813,0.221,-0.794,-0.566,4,0},}},{1.65,{['HumanoidRootPart']={0,0,0,1,0,0,0,1,0,0,0,1,4,0},['Cam']={-0.492,-2.278,-3.105,-0.975,-0.176,-0.134,0.006,0.582,-0.813,0.221,-0.794,-0.566,4,0},}},{1.667,{['HumanoidRootPart']={0,0,0,1,0,0,0,1,0,0,0,1,4,0},['Cam']={-0.492,-2.278,-3.105,-0.975,-0.176,-0.134,0.006,0.582,-0.813,0.221,-0.794,-0.566,4,0},}},{1.683,{['HumanoidRootPart']={0,0,0,1,0,0,0,1,0,0,0,1,4,0},['Torso']={-0.793,0.577,0.059,0.753,-0.473,0.458,0.628,0.724,-0.284,-0.197,0.502,0.842,4,0},['Head']={0.008,-0.029,-0.006,0.986,-0.169,-0.011,0.159,0.947,-0.279,0.057,0.273,0.96,4,0},['Left Leg']={-0.502,0.36,0.128,0.822,-0.428,0.376,0.484,0.872,-0.067,-0.299,0.237,0.924,4,0},['Left Arm']={0.325,-0.211,-0.125,0.919,-0.364,0.152,-0.058,0.258,0.965,-0.391,-0.895,0.216,4,0},['Right Leg']={-0.036,0.062,0.104,0.974,0.213,-0.081,-0.195,0.963,0.187,0.118,-0.167,0.979,4,0},['Right Arm']={-0.193,0.063,0.002,0.89,-0.341,0.302,0.04,0.72,0.693,-0.453,-0.605,0.655,4,0},['Cam']={-0.496,-2.28,-3.117,-0.975,-0.176,-0.136,0.007,0.587,-0.809,0.222,-0.79,-0.571,4,0},}},{1.7,{['HumanoidRootPart']={0,0,0,1,0,0,0,1,0,0,0,1,4,0},['Torso']={-0.708,0.469,0.021,0.762,-0.471,0.444,0.616,0.738,-0.274,-0.198,0.483,0.853,4,0},['Head']={0.008,-0.031,-0.007,0.988,-0.153,-0.009,0.147,0.961,-0.235,0.044,0.231,0.972,4,0},['Left Leg']={-0.502,0.36,0.128,0.82,-0.433,0.375,0.489,0.87,-0.065,-0.299,0.236,0.925,4,0},['Left Arm']={0.319,-0.212,-0.108,0.938,-0.32,0.135,-0.055,0.247,0.967,-0.343,-0.915,0.214,4,0},['Right Leg']={-0.036,0.062,0.104,0.972,0.219,-0.08,-0.201,0.961,0.19,0.119,-0.168,0.979,4,0},['Right Arm']={-0.254,0.073,0.01,0.905,-0.279,0.321,-0.024,0.72,0.694,-0.425,-0.636,0.645,4,0},['Cam']={-0.498,-2.282,-3.124,-0.975,-0.176,-0.138,0.007,0.59,-0.807,0.223,-0.788,-0.574,4,0},}},{1.717,{['HumanoidRootPart']={0,0,0,1,0,0,0,1,0,0,0,1,4,0},['Torso']={-0.622,0.361,-0.016,0.772,-0.469,0.429,0.604,0.752,-0.264,-0.199,0.463,0.864,4,0},['Head']={0.009,-0.032,-0.008,0.989,-0.147,-0.007,0.142,0.965,-0.22,0.039,0.217,0.975,4,0},['Left Leg']={-0.502,0.36,0.128,0.817,-0.438,0.375,0.493,0.868,-0.062,-0.298,0.236,0.925,4,0},['Left Arm']={0.313,-0.213,-0.091,0.954,-0.275,0.118,-0.052,0.236,0.97,-0.294,-0.932,0.211,4,0},['Right Leg']={-0.036,0.062,0.104,0.971,0.226,-0.08,-0.207,0.959,0.192,0.12,-0.17,0.978,4,0},['Right Arm']={-0.315,0.084,0.019,0.915,-0.217,0.34,-0.088,0.715,0.694,-0.394,-0.665,0.635,4,0},['Cam']={-0.499,-2.282,-3.128,-0.975,-0.176,-0.138,0.007,0.592,-0.806,0.224,-0.786,-0.576,4,0},}},{1.733,{['HumanoidRootPart']={0,0,0,1,0,0,0,1,0,0,0,1,4,0},['Torso']={-0.536,0.253,-0.053,0.782,-0.466,0.415,0.591,0.766,-0.253,-0.199,0.443,0.874,4,0},['Head']={0.009,-0.033,-0.008,0.99,-0.141,-0.006,0.136,0.969,-0.206,0.035,0.203,0.979,4,0},['Left Leg']={-0.502,0.36,0.128,0.814,-0.444,0.374,0.499,0.865,-0.06,-0.297,0.235,0.926,4,0},['Left Arm']={0.306,-0.215,-0.074,0.968,-0.228,0.1,-0.048,0.226,0.973,-0.245,-0.947,0.208,4,0},['Right Leg']={-0.036,0.061,0.103,0.969,0.232,-0.081,-0.213,0.958,0.195,0.123,-0.172,0.978,4,0},['Right Arm']={-0.376,0.094,0.027,0.92,-0.154,0.36,-0.152,0.706,0.692,-0.361,-0.692,0.626,4,0},['Cam']={-0.5,-2.283,-3.13,-0.975,-0.176,-0.139,0.008,0.593,-0.805,0.224,-0.786,-0.577,4,0},}},{1.75,{['HumanoidRootPart']={0,0,0,1,0,0,0,1,0,0,0,1,4,0},['Cam']={-0.5,-2.283,-3.13,-0.975,-0.176,-0.139,0.008,0.593,-0.805,0.224,-0.785,-0.577,4,0},}},{1.767,{['HumanoidRootPart']={0,0,0,1,0,0,0,1,0,0,0,1,4,0},['Torso']={-0.439,0.128,-0.093,0.803,-0.458,0.381,0.563,0.793,-0.234,-0.195,0.402,0.894,4,0},['Head']={0.009,-0.035,-0.009,0.992,-0.128,-0.003,0.126,0.976,-0.177,0.026,0.175,0.984,4,0},['Left Leg']={-0.502,0.36,0.128,0.81,-0.454,0.372,0.507,0.86,-0.055,-0.295,0.233,0.927,4,0},['Left Arm']={0.293,-0.217,-0.04,0.989,-0.134,0.067,-0.038,0.206,0.978,-0.144,-0.969,0.198,4,0},['Right Leg']={-0.036,0.061,0.102,0.967,0.242,-0.083,-0.222,0.954,0.2,0.128,-0.175,0.976,4,0},['Right Arm']={-0.433,0.097,0.033,0.916,-0.116,0.385,-0.199,0.701,0.685,-0.349,-0.704,0.619,4,0},['Cam']={-0.5,-2.283,-3.13,-0.975,-0.176,-0.139,0.008,0.593,-0.805,0.224,-0.785,-0.577,4,0},}},{1.783,{['HumanoidRootPart']={0,0,0,1,0,0,0,1,0,0,0,1,4,0},['Torso']={-0.391,0.066,-0.114,0.814,-0.453,0.364,0.549,0.805,-0.224,-0.192,0.382,0.904,4,0},['Head']={0.01,-0.035,-0.009,0.993,-0.122,-0.001,0.12,0.979,-0.163,0.021,0.161,0.987,4,0},['Left Leg']={-0.502,0.36,0.128,0.807,-0.459,0.371,0.512,0.857,-0.053,-0.294,0.232,0.927,4,0},['Left Arm']={0.287,-0.218,-0.022,0.995,-0.085,0.05,-0.033,0.196,0.98,-0.093,-0.977,0.192,4,0},['Right Leg']={-0.036,0.061,0.102,0.965,0.248,-0.084,-0.227,0.953,0.202,0.131,-0.176,0.976,4,0},['Right Arm']={-0.454,0.098,0.035,0.914,-0.102,0.394,-0.216,0.699,0.682,-0.345,-0.708,0.616,4,0},['Cam']={-0.5,-2.283,-3.13,-0.975,-0.176,-0.139,0.008,0.593,-0.805,0.224,-0.785,-0.577,4,0},}},{1.8,{['HumanoidRootPart']={0,0,0,1,0,0,0,1,0,0,0,1,4,0},['Torso']={-0.342,0.003,-0.134,0.824,-0.448,0.347,0.535,0.818,-0.213,-0.189,0.361,0.913,4,0},['Head']={0.01,-0.036,-0.01,0.993,-0.116,0,0.115,0.982,-0.148,0.017,0.147,0.989,4,0},['Left Leg']={-0.502,0.36,0.128,0.806,-0.463,0.37,0.515,0.856,-0.051,-0.293,0.232,0.928,4,0},['Left Arm']={0.281,-0.219,-0.005,0.999,-0.037,0.034,-0.027,0.186,0.982,-0.042,-0.982,0.185,4,0},['Right Leg']={-0.036,0.061,0.102,0.964,0.251,-0.085,-0.23,0.952,0.204,0.132,-0.177,0.975,4,0},['Right Arm']={-0.475,0.099,0.037,0.911,-0.087,0.403,-0.233,0.696,0.679,-0.34,-0.712,0.614,4,0},}},{1.817,{['HumanoidRootPart']={0,0,0,1,0,0,0,1,0,0,0,1,4,0},['Torso']={-0.294,-0.059,-0.154,0.834,-0.442,0.331,0.52,0.83,-0.202,-0.185,0.341,0.922,4,0},['Head']={0.01,-0.036,-0.01,0.993,-0.115,0.001,0.113,0.982,-0.149,0.016,0.148,0.989,4,0},['Left Leg']={-0.502,0.36,0.128,0.804,-0.466,0.369,0.518,0.854,-0.049,-0.292,0.231,0.928,4,0},['Left Arm']={0.274,-0.22,0.012,1,0.012,0.018,-0.02,0.177,0.984,0.009,-0.984,0.177,4,0},['Right Leg']={-0.036,0.061,0.101,0.963,0.255,-0.086,-0.233,0.95,0.206,0.134,-0.178,0.975,4,0},['Right Arm']={-0.495,0.1,0.039,0.908,-0.073,0.412,-0.25,0.694,0.676,-0.335,-0.717,0.612,4,0},}},{1.833,{['HumanoidRootPart']={0,0,0,1,0,0,0,1,0,0,0,1,4,0},['Torso']={-0.245,-0.122,-0.174,0.843,-0.436,0.314,0.506,0.841,-0.191,-0.181,0.32,0.93,4,0},['Head']={0.01,-0.036,-0.01,0.994,-0.113,0.002,0.112,0.982,-0.15,0.015,0.149,0.989,4,0},['Left Leg']={-0.502,0.36,0.128,0.802,-0.47,0.369,0.521,0.852,-0.048,-0.292,0.23,0.928,4,0},['Left Arm']={0.268,-0.221,0.029,0.998,0.061,0.003,-0.013,0.168,0.986,0.06,-0.984,0.168,4,0},['Right Leg'